ID Venda,Data da Venda,ID Produto,ID Cliente,ID Vendedor,Custo Unitário,Valor Unitário,Quantidade
1001,2025-08-25,9,3,3,923.06,1436.12,20
1002,2024-07-27,9,9,3,788.47,1432.12,20
1003,2024-07-26,6,2,7,304.26,489.12,5
1004,2025-10-24,1,5,9,1313.33,1919.26,7
1005,2024-02-21,2,5,1,308.31,580.42,15
1006,2024-05-17,5,7,2,161.96,355.02,8
1007,2024-01-23,5,3,8,152.08,347.55,7
1008,2024-03-19,6,3,8,329.19,465.36,6
1009,2024-09-25,9,4,9,831.14,1363.92,20
1010,2024-05-20,3,6,8,2573.57,4363.51,19
1011,2024-04-11,8,3,4,49.27,98.17,10
1012,2024-03-22,7,3,5,84.96,192.5,10
1013,2024-12-21,2,5,8,316.35,580.36,20
1014,2025-03-19,9,6,1,874.77,1397.67,4
1015,2025-10-16,4,5,1,292.8,444.58,11
1016,2024-10-04,4,8,6,300.87,447.94,14
1017,2025-09-24,2,7,1,288.92,573.87,10
1018,2024-05-24,7,4,7,84.95,187.51,13
1019,2025-12-26,9,7,3,839.86,1447.41,2
1020,2024-05-02,5,1,4,146.18,334.55,5
1021,2024-12-26,4,8,3,257.4,468.65,14
1022,2024-01-14,5,6,2,161.16,364.71,15
1023,2024-01-15,8,9,1,44.3,96.06,16
1024,2024-09-05,5,2,5,158.19,347.43,7
1025,2025-05-26,5,4,6,138.71,363.79,8
1026,2025-07-13,7,8,7,81.5,195.61,9
1027,2024-10-21,2,7,8,297.79,598.87,11
1028,2025-05-15,1,4,4,1228.09,1815.65,10
1029,2024-07-17,2,1,4,327.83,586.09,19
1030,2025-04-12,5,5,2,155.76,344.21,1
1031,2024-01-12,3,8,8,2743.16,4215.26,16
1032,2024-09-24,3,2,2,2476.99,4114.31,7
1033,2025-11-27,9,9,9,837.35,1467.16,11
1034,2024-09-30,9,9,3,857.75,1380.3,5
1035,2025-09-22,3,9,5,2723.61,4017.73,15
1036,2024-03-30,9,7,6,887.44,1378.39,3
1037,2025-02-10,1,7,5,1167.24,1773.81,19
1038,2024-07-19,6,1,9,302.52,487.87,10
1039,2024-06-28,3,5,2,2545.61,4077.07,2
1040,2024-12-08,2,6,3,333.18,568.65,18
1041,2024-06-30,8,3,5,47.37,95.59,9
1042,2025-10-19,1,2,4,1233.07,1907.85,7
1043,2025-08-17,2,2,8,313.12,569.2,4
1044,2025-05-17,3,4,5,2473.1,4310.66,20
1045,2025-08-01,5,9,6,142.88,345.8,20
1046,2025-08-09,8,6,6,42.58,90.88,10
1047,2025-08-23,6,9,6,285.24,480.14,12
1048,2025-05-22,4,2,8,285.95,454.52,5
1049,2024-06-14,8,8,6,44.52,91.2,14
1050,2025-05-01,3,8,1,2672.61,4153.61,6
1051,2024-01-27,6,6,8,307.45,465.82,2
1052,2025-07-09,2,6,8,327.92,591.21,18
1053,2024-12-04,5,5,9,158.83,352.03,12
1054,2024-09-01,1,7,7,1260.68,1845.31,3
1055,2024-12-17,8,9,9,43.45,99.71,10
1056,2025-08-08,1,5,8,1303.09,1818.32,15
1057,2025-10-04,5,1,8,157.72,362.46,1
1058,2024-08-09,6,6,3,284.85,459.02,8
1059,2024-05-08,7,8,7,76.95,185.79,13
1060,2024-02-21,5,5,7,153.11,341.25,16
1061,2025-06-15,1,2,7,1284.29,1798.29,7
1062,2024-03-26,4,5,7,304.72,461.19,5
1063,2024-10-05,8,3,6,45.71,95.68,13
1064,2025-02-25,7,9,6,79.64,180.72,13
1065,2025-01-16,7,9,9,84.08,180.92,1
1066,2024-11-16,2,5,5,301.04,594.27,4
1067,2025-08-29,8,9,9,46.13,97.97,5
1068,2025-08-07,5,4,6,147.74,362.08,8
1069,2024-03-23,1,4,1,1275.5,1766.98,13
1070,2025-06-05,6,9,7,302.76,502.84,8
1071,2025-06-21,6,5,9,290.93,503.05,11
1072,2024-02-17,2,2,7,327.77,597.89,1
1073,2024-06-09,4,4,2,290.62,465.05,4
1074,2025-08-08,3,4,3,2486.23,4150.01,17
1075,2024-01-03,3,8,2,2361.97,4258.27,20
1076,2025-06-17,7,2,4,78.93,193.47,14
1077,2024-06-12,1,1,5,1174.43,1784.37,14
1078,2024-10-06,2,4,4,291.31,579.95,12
1079,2024-09-09,4,2,6,306.97,441.42,3
1080,2024-10-16,9,3,3,900.56,1442.51,1
1081,2024-04-25,1,5,6,1268.8,1876.69,13
1082,2024-10-06,9,5,5,853.01,1460.29,13
1083,2024-01-09,8,6,5,44.74,92.27,16
1084,2025-04-04,3,4,1,2379.37,4278.62,5
1085,2025-07-03,4,7,2,273.18,465.14,15
1086,2025-09-22,3,8,1,2425.63,4037.13,20
1087,2024-11-03,1,9,8,1315.74,1775.53,17
1088,2025-02-22,5,2,9,151.9,334.06,14
1089,2024-03-11,3,6,7,2438.66,4361.14,7
1090,2025-05-18,5,7,4,149.08,341.48,8
1091,2024-03-22,6,2,9,287.5,487.38,14
1092,2025-11-13,6,8,6,286.16,472.04,11
1093,2025-12-31,9,9,4,802.87,1448.73,7
1094,2024-02-02,1,8,3,1161.18,1849.17,16
1095,2025-01-12,2,5,8,347.69,571.27,8
1096,2024-01-18,1,4,3,1176.04,1833.61,3
1097,2024-11-06,5,1,3,135.61,363.83,18
1098,2025-03-20,9,3,9,817.19,1432.44,20
1099,2024-12-19,5,8,2,140.25,348.7,9
1100,2024-03-09,4,8,9,285.28,468.99,10
1101,2024-12-22,3,6,1,2394.04,4114.6,5
1102,2024-03-30,7,6,1,74.2,189.72,18
1103,2024-08-12,1,3,6,1263.84,1802.31,11
1104,2025-08-03,9,1,4,851.03,1419.86,18
1105,2024-04-06,1,2,6,1230.86,1934.58,6
1106,2024-05-04,1,1,2,1191.24,1765.24,1
1107,2025-11-23,9,9,8,815.7,1393.5,3
1108,2025-09-01,1,3,8,1238.51,1773.71,13
1109,2025-06-09,4,6,9,302.86,446.54,4
1110,2025-06-11,4,6,4,296.38,442.04,12
1111,2025-01-06,9,5,2,792.65,1466.82,12
1112,2025-03-26,6,4,7,270.03,499.69,17
1113,2025-12-09,8,4,9,42.58,93.02,15
1114,2024-12-05,5,5,1,137.47,336.44,17
1115,2025-07-09,2,4,8,300.21,593.96,4
1116,2025-08-12,6,6,9,291.8,503.93,17
1117,2024-03-31,2,9,9,336.1,585.84,7
1118,2024-04-13,9,3,1,835.59,1427.98,7
1119,2024-12-08,7,3,7,74.06,196.86,12
1120,2025-05-10,2,9,8,296.5,583.51,4
1121,2024-06-19,8,5,5,46.83,98.11,9
1122,2025-02-18,2,3,2,307.6,552.9,12
1123,2024-01-01,8,4,2,45.7,94.96,20
1124,2025-08-29,9,3,6,911.92,1442.88,16
1125,2024-09-30,6,7,5,300.47,481.18,7
1126,2024-12-03,7,3,9,78.69,183.12,18
1127,2025-10-11,7,3,6,83.31,182.03,10
1128,2025-01-18,1,5,5,1172.14,1757.92,19
1129,2025-06-08,1,4,4,1145.07,1883.96,2
1130,2024-09-25,4,8,7,268.7,440.58,1
1131,2024-05-23,9,5,2,916.07,1447.72,2
1132,2025-04-29,7,3,2,74.85,184.87,2
1133,2025-05-24,6,4,4,278.54,479.9,8
1134,2025-12-10,4,6,8,307.59,434.76,10
1135,2025-01-17,9,6,7,772.9,1355.52,6
1136,2025-03-17,9,6,8,798.07,1382.73,20
1137,2025-02-21,2,8,8,299.04,591.15,7
1138,2025-10-13,3,8,6,2373.67,4248.19,6
1139,2024-08-01,7,9,4,85.26,183.9,12
1140,2025-08-07,2,5,2,317.95,593.63,3
1141,2025-07-08,4,6,9,285.24,458.48,14
1142,2025-08-19,9,3,8,928.69,1453.74,2
1143,2024-04-28,5,9,7,142.63,337.21,5
1144,2025-06-16,8,3,4,44.34,99.71,13
1145,2025-07-18,6,7,5,293.8,489.35,9
1146,2025-07-27,5,5,7,163.17,342.59,1
1147,2025-03-13,3,7,5,2675.27,4007.64,6
1148,2025-07-21,3,2,3,2314.21,4036.95,3
1149,2025-10-17,3,8,4,2458.5,4080.57,7
1150,2025-03-06,5,2,8,138.27,336.63,8
1151,2025-04-15,4,4,1,258.62,439.21,10
1152,2025-07-19,6,5,5,274.88,462.2,11
1153,2025-10-10,4,9,2,280.79,452.93,7
1154,2024-02-17,6,6,4,288.21,488.5,5
1155,2025-10-17,5,4,4,145.44,355.49,15
1156,2025-07-12,5,5,1,138.95,340.57,13
1157,2025-02-18,6,8,2,298.46,484.37,11
1158,2024-02-16,5,4,5,145.34,340.71,18
1159,2025-05-18,8,1,2,49.26,99.32,15
1160,2025-12-27,8,5,4,45.79,91.51,19
1161,2024-08-13,4,7,7,289.46,428.59,19
1162,2025-01-10,3,5,6,2503.7,4112.6,5
1163,2025-06-09,1,6,4,1253.81,1759.72,9
1164,2025-11-14,7,4,1,81.14,184.69,7
1165,2024-05-23,8,3,8,43.77,93.8,7
1166,2025-10-02,6,3,9,295.64,467.97,15
1167,2025-09-03,2,9,4,327.96,601.35,15
1168,2025-02-27,9,9,4,832.53,1438.54,6
1169,2025-08-25,8,9,9,44.62,93.39,20
1170,2024-07-26,3,8,2,2680.64,4302.52,4
1171,2024-04-20,5,6,6,137.4,342.85,8
1172,2024-02-10,1,7,4,1287.32,1929.31,20
1173,2024-01-07,2,6,1,316.35,583.48,8
1174,2024-01-13,6,3,8,294.65,497.03,18
1175,2024-04-04,3,1,4,2732.89,4074.43,4
1176,2025-11-23,8,9,5,47.66,97.1,19
1177,2025-02-01,3,5,8,2377.81,4183.64,11
1178,2024-07-14,3,7,7,2535.63,4331.12,15
1179,2024-11-11,6,5,9,298.72,461.59,11
1180,2025-09-27,3,7,7,2405.68,4063.8,2
1181,2024-08-11,1,9,8,1242.11,1794.93,20
1182,2024-11-10,3,7,8,2666.26,4356.36,6
1183,2024-12-13,2,8,6,336.16,562.59,15
1184,2024-12-05,6,2,7,299.81,493.03,14
1185,2025-01-13,1,4,9,1301.43,1882.11,3
1186,2024-12-27,3,9,6,2414.18,4157.55,10
1187,2024-05-22,4,5,6,279.62,443.18,4
1188,2024-03-15,5,4,4,160.11,340.45,4
1189,2024-10-18,4,3,1,254.44,439.35,14
1190,2025-06-20,3,5,9,2535.91,4132.64,15
1191,2024-03-06,8,4,7,44.6,91.99,3
1192,2024-09-25,2,9,7,333.91,584.99,16
1193,2024-09-11,8,8,4,49.42,93.91,10
1194,2025-07-24,4,7,4,300.96,470.23,11
1195,2025-05-26,4,2,2,282.46,449.78,10
1196,2025-07-21,1,5,1,1151.4,1783.01,14
1197,2024-09-01,8,6,8,46.82,90.93,14
1198,2024-03-23,3,5,7,2526.43,4208.27,20
1199,2024-02-06,5,5,6,156.52,352.51,17
1200,2024-01-29,4,4,7,293.64,472.09,5
1201,2024-02-07,7,5,7,81.95,193.86,10
1202,2024-02-20,3,7,4,2632.59,4216.49,20
1203,2025-05-22,5,3,9,152.71,360.13,6
1204,2024-09-13,2,4,7,341.46,558.27,13
1205,2024-02-04,1,2,1,1182.49,1810.89,17
1206,2025-02-04,3,1,7,2668.37,4249.19,4
1207,2024-05-21,8,1,1,41.41,94.94,3
1208,2024-09-19,4,9,7,259.4,463.27,19
1209,2025-06-29,4,1,4,287.68,469.2,9
1210,2025-01-16,8,1,7,48.5,92.0,9
1211,2024-04-06,9,7,5,841.63,1349.66,7
1212,2025-10-11,7,6,3,75.62,194.27,8
1213,2024-07-30,7,9,4,86.66,184.96,4
1214,2024-08-01,3,9,2,2456.67,4254.74,8
1215,2025-04-11,1,4,2,1196.75,1814.63,9
1216,2025-06-11,5,4,6,151.0,344.66,6
1217,2024-06-08,4,6,2,260.25,445.02,20
1218,2025-10-12,1,2,2,1138.46,1871.61,17
1219,2024-08-06,8,2,1,41.76,94.72,6
1220,2025-11-09,9,5,3,919.73,1377.81,13
1221,2024-10-22,6,1,2,323.56,457.38,11
1222,2025-10-04,7,3,3,74.32,194.67,3
1223,2025-02-18,4,9,4,257.86,464.66,1
1224,2025-01-16,8,7,6,48.95,95.39,17
1225,2024-04-30,2,8,3,290.04,574.13,9
1226,2025-11-16,2,1,5,297.8,573.33,19
1227,2025-04-25,3,4,3,2369.55,4407.24,8
1228,2025-02-03,4,4,3,279.33,463.67,4
1229,2025-02-17,4,5,9,260.48,463.02,12
1230,2025-03-26,2,6,6,313.38,605.84,18
1231,2024-05-04,9,4,3,792.49,1469.69,18
1232,2025-09-19,8,7,5,43.87,96.23,14
1233,2024-12-05,6,1,8,313.04,496.04,7
1234,2025-08-07,1,2,4,1143.76,1827.04,15
1235,2024-02-12,1,3,4,1197.33,1887.2,5
1236,2024-04-25,1,5,7,1092.67,1781.73,11
1237,2025-11-20,1,6,6,1196.43,1900.59,3
1238,2025-10-18,9,7,1,904.46,1377.2,10
1239,2025-02-27,8,1,4,41.43,94.09,18
1240,2025-09-09,7,8,6,83.74,192.39,11
1241,2025-02-05,2,1,8,332.74,565.2,3
1242,2024-05-10,4,2,1,255.2,443.71,10
1243,2025-04-19,1,9,1,1219.58,1758.05,3
1244,2025-07-13,5,5,8,158.54,340.84,3
1245,2025-12-02,2,9,4,288.47,553.7,17
1246,2025-07-22,6,1,6,311.39,493.75,8
1247,2024-07-21,1,3,4,1265.77,1915.64,15
1248,2025-07-23,3,4,6,2592.16,4144.87,8
1249,2025-05-27,6,3,7,319.5,473.36,9
1250,2025-09-20,2,4,6,316.14,581.81,6
1251,2024-02-07,5,7,7,142.16,344.11,12
1252,2025-09-27,6,7,9,312.2,459.5,4
1253,2025-12-30,1,7,1,1274.52,1775.03,17
1254,2025-04-30,1,6,7,1135.7,1778.93,14
1255,2025-05-08,1,1,5,1100.85,1865.38,20
1256,2025-03-12,9,8,9,770.3,1415.22,10
1257,2025-07-05,9,8,5,857.19,1458.91,10
1258,2024-11-06,1,7,6,1188.57,1869.24,9
1259,2024-05-22,4,9,7,298.11,466.85,11
1260,2025-08-22,4,7,2,279.24,443.68,7
1261,2025-02-24,7,2,7,83.84,194.73,2
1262,2025-03-31,4,2,4,294.75,443.5,2
1263,2024-10-07,2,6,8,333.15,573.84,4
1264,2024-10-08,6,9,1,320.85,456.96,4
1265,2024-01-19,3,5,4,2273.95,4247.18,6
1266,2024-08-30,2,4,9,320.94,557.26,7
1267,2024-01-17,4,2,7,290.82,449.09,1
1268,2025-08-06,4,8,5,299.91,463.86,11
1269,2025-03-16,6,3,6,284.72,457.38,11
1270,2025-12-03,7,6,1,78.03,198.81,7
1271,2024-06-04,4,8,5,288.83,471.89,3
1272,2024-07-15,4,8,1,275.98,460.89,17
1273,2025-06-30,4,2,7,284.73,448.3,17
1274,2024-05-26,6,7,9,313.07,501.78,10
1275,2024-03-23,6,8,5,286.68,482.66,13
1276,2024-10-18,8,6,5,42.25,92.26,4
1277,2025-12-18,8,5,4,42.64,95.76,3
1278,2024-05-09,2,1,6,322.73,556.62,15
1279,2024-10-18,6,4,8,281.24,473.92,3
1280,2024-07-02,9,1,7,909.49,1373.21,20
1281,2024-12-24,7,9,9,78.65,195.74,18
1282,2024-02-07,8,5,7,48.17,93.08,4
1283,2024-12-29,2,6,2,336.58,572.87,12
1284,2025-09-10,9,1,8,800.14,1462.68,9
1285,2025-02-20,7,3,5,78.72,186.03,20
1286,2024-12-26,7,9,1,81.45,199.36,8
1287,2024-05-04,2,4,8,305.76,608.84,9
1288,2024-11-07,6,9,3,282.65,487.14,20
1289,2024-12-25,5,8,2,158.47,338.22,16
1290,2024-08-13,9,9,4,798.81,1447.14,13
1291,2025-09-08,2,8,6,338.65,601.46,5
1292,2025-06-14,8,8,4,47.59,99.2,10
1293,2024-01-18,7,2,8,86.84,184.44,17
1294,2025-10-30,1,3,3,1099.02,1836.45,11
1295,2025-05-07,2,8,9,335.53,582.49,20
1296,2024-10-27,9,9,4,776.9,1371.99,12
1297,2025-02-13,3,9,3,2681.79,4011.28,19
1298,2025-05-10,1,3,7,1296.24,1857.69,16
1299,2025-01-18,8,4,4,49.19,99.25,16
1300,2024-05-17,9,6,7,789.28,1457.51,15
1301,2024-11-04,8,3,4,45.92,95.88,13
1302,2025-06-28,5,5,6,150.88,361.36,10
1303,2024-12-29,8,5,1,42.25,93.39,2
1304,2025-09-14,6,5,2,287.98,461.17,13
1305,2024-05-24,2,3,6,320.01,578.59,3
1306,2024-11-02,2,7,4,340.54,605.28,14
1307,2024-10-28,9,5,2,815.05,1357.36,4
1308,2024-07-07,7,2,3,87.88,188.96,6
1309,2025-07-07,7,1,2,85.67,195.69,19
1310,2025-01-01,6,1,1,320.57,461.9,7
1311,2025-05-30,6,7,3,320.73,492.39,12
1312,2025-04-30,3,7,9,2424.16,4124.46,8
1313,2025-07-27,8,2,5,41.95,91.81,16
1314,2024-05-25,6,2,8,288.13,475.33,12
1315,2024-11-14,7,6,5,87.28,196.35,3
1316,2024-09-25,5,6,5,135.83,355.99,8
1317,2024-05-16,2,5,9,345.3,577.61,11
1318,2025-04-28,8,1,8,44.07,93.93,13
1319,2024-12-28,6,4,4,285.13,491.1,17
1320,2024-03-19,4,6,8,266.81,460.68,7
1321,2024-10-31,8,4,8,45.32,94.74,13
1322,2024-06-08,5,1,5,145.05,343.62,3
1323,2025-01-05,7,3,8,75.34,193.23,20
1324,2024-12-11,2,3,8,330.69,588.78,7
1325,2025-08-11,3,9,8,2388.32,3996.66,9
1326,2025-09-11,6,6,3,328.96,482.44,15
1327,2025-07-31,5,2,8,151.68,343.34,18
1328,2024-11-24,3,8,2,2638.46,4399.44,3
1329,2024-03-31,8,8,5,43.71,98.67,8
1330,2025-12-31,1,9,8,1140.98,1847.29,5
1331,2025-12-17,1,3,9,1304.12,1838.01,1
1332,2024-08-11,3,1,6,2315.2,4336.74,5
1333,2024-12-30,1,7,8,1179.48,1835.73,2
1334,2025-07-20,4,3,4,280.09,472.44,12
1335,2024-02-11,9,5,9,805.49,1446.77,2
1336,2025-11-22,8,5,8,46.77,94.62,18
1337,2025-06-08,7,1,6,87.69,188.99,20
1338,2025-02-21,9,5,3,782.81,1418.85,3
1339,2024-07-22,2,1,4,303.46,588.07,7
1340,2024-09-15,7,3,1,87.06,196.59,12
1341,2024-10-31,6,5,3,323.61,496.12,5
1342,2025-10-07,9,9,4,771.13,1392.23,9
1343,2024-03-26,8,6,4,44.32,93.11,15
1344,2024-06-29,6,3,5,270.61,500.53,6
1345,2024-08-07,5,3,4,160.0,341.15,4
1346,2024-12-08,9,4,5,805.11,1399.13,2
1347,2025-11-04,2,4,4,334.19,572.86,2
1348,2025-05-02,7,2,1,87.41,189.92,20
1349,2025-06-23,7,8,2,85.9,183.2,6
1350,2025-10-31,1,7,3,1171.13,1862.92,15
1351,2024-10-30,4,5,6,297.89,471.12,11
1352,2024-08-01,9,2,9,830.08,1447.36,20
1353,2024-04-27,4,7,3,262.19,457.73,19
1354,2024-02-25,4,4,2,283.28,461.1,12
1355,2024-07-02,4,2,8,267.65,461.55,15
1356,2024-11-17,1,2,3,1274.53,1883.78,14
1357,2025-01-20,2,7,9,312.83,560.76,20
1358,2024-08-18,1,6,1,1185.01,1807.18,19
1359,2024-11-11,1,4,1,1103.09,1839.69,10
1360,2024-06-10,3,5,8,2625.65,4388.17,20
1361,2024-08-25,2,7,3,291.72,597.74,8
1362,2024-02-05,4,6,2,257.5,436.4,1
1363,2024-11-25,4,8,6,295.62,469.18,1
1364,2025-08-30,2,2,4,309.94,597.55,18
1365,2025-07-23,8,5,4,40.51,97.33,7
1366,2025-04-10,5,1,5,149.21,333.46,2
1367,2024-05-07,1,7,5,1127.02,1786.94,9
1368,2025-10-23,5,3,7,138.14,336.28,12
1369,2024-12-18,6,6,4,326.7,482.39,14
1370,2025-11-05,8,6,3,43.78,99.72,17
1371,2024-08-13,9,5,8,888.42,1376.18,19
1372,2025-11-19,6,3,2,287.66,468.01,19
1373,2024-08-29,6,6,9,285.97,464.46,15
1374,2025-11-28,3,5,2,2652.23,4235.2,10
1375,2025-11-03,6,2,8,289.67,463.71,14
1376,2024-05-13,1,1,1,1183.35,1778.08,1
1377,2025-09-05,9,8,8,848.97,1360.25,2
1378,2025-02-15,7,9,7,87.07,194.47,6
1379,2025-08-15,8,2,5,49.28,97.15,8
1380,2024-11-10,9,7,3,830.01,1407.43,17
1381,2025-02-03,8,5,5,48.53,93.29,13
1382,2025-09-19,1,5,1,1134.49,1866.5,20
1383,2024-09-24,9,2,7,865.47,1348.65,3
1384,2025-07-16,6,8,1,328.62,475.85,17
1385,2024-08-27,2,6,6,294.43,600.19,12
1386,2024-09-23,4,2,4,269.25,453.08,14
1387,2024-07-29,4,3,6,257.85,470.3,8
1388,2024-05-08,8,5,4,42.67,99.52,19
1389,2025-01-14,1,7,6,1215.37,1831.41,9
1390,2024-07-15,5,9,9,162.67,362.78,8
1391,2025-03-25,4,7,4,259.84,466.22,4
1392,2025-10-04,6,3,7,324.91,463.21,11
1393,2025-05-29,6,3,1,274.94,476.1,16
1394,2025-05-03,9,9,9,902.83,1382.25,6
1395,2024-04-01,7,9,2,72.65,198.17,12
1396,2024-09-26,4,4,6,253.73,435.87,19
1397,2024-03-11,5,1,7,151.81,344.18,14
1398,2024-04-25,5,4,1,147.35,352.2,5
1399,2024-01-18,3,8,4,2733.62,4276.19,17
1400,2025-11-17,8,2,2,49.44,95.22,15
1401,2024-04-09,6,8,2,295.17,468.56,9
1402,2024-06-22,8,4,5,43.67,92.81,4
1403,2024-04-23,8,4,9,42.62,91.04,6
1404,2024-08-09,2,1,2,319.51,571.38,6
1405,2025-01-25,2,5,1,347.75,587.29,12
1406,2025-12-09,2,4,4,322.27,579.65,16
1407,2024-07-26,9,9,9,895.27,1397.07,1
1408,2024-01-08,9,3,4,806.25,1356.34,2
1409,2025-05-04,5,3,3,141.08,355.16,13
1410,2025-02-16,4,7,7,286.01,463.0,12
1411,2024-01-26,1,2,8,1174.83,1879.07,9
1412,2025-12-04,3,3,3,2327.02,4408.16,8
1413,2025-08-12,6,7,6,280.78,467.02,1
1414,2024-12-03,9,7,9,844.8,1406.3,6
1415,2025-01-15,3,6,2,2362.48,4268.09,19
1416,2024-11-09,9,3,4,901.46,1349.65,12
1417,2025-11-05,7,4,2,86.5,198.48,17
1418,2024-04-30,7,9,9,83.7,197.46,6
1419,2025-06-12,4,6,2,285.75,446.06,15
1420,2025-07-08,5,6,2,136.91,341.17,18
1421,2024-12-30,4,5,4,257.29,464.23,20
1422,2024-07-18,9,5,5,874.56,1463.68,11
1423,2024-02-20,3,6,4,2556.77,4375.5,17
1424,2025-11-09,2,2,8,339.42,555.71,8
1425,2025-01-14,6,5,9,318.38,480.26,2
1426,2025-01-23,2,1,8,319.61,565.07,9
1427,2024-07-22,9,4,3,807.42,1378.18,2
1428,2024-10-03,4,2,3,278.17,453.19,19
1429,2024-05-10,3,9,4,2568.56,4345.11,16
1430,2024-03-16,2,9,6,313.22,560.89,19
1431,2024-07-25,5,6,4,156.76,356.87,16
1432,2024-11-26,6,2,9,276.92,500.83,1
1433,2024-11-01,5,4,5,135.61,346.79,2
1434,2025-08-05,9,6,1,927.55,1365.74,7
1435,2025-11-04,9,6,6,841.95,1465.03,8
1436,2024-05-10,8,7,6,42.69,97.55,18
1437,2025-08-01,1,5,2,1293.4,1870.6,19
1438,2025-12-21,1,7,4,1253.52,1851.11,19
1439,2024-05-20,9,7,5,850.14,1452.16,10
1440,2025-09-21,2,8,5,338.89,597.19,11
1441,2025-05-25,9,2,6,902.12,1398.01,6
1442,2025-11-18,9,2,5,894.5,1417.92,17
1443,2024-05-17,6,2,8,294.06,478.14,6
1444,2025-08-17,1,9,8,1231.08,1832.39,2
1445,2024-10-21,2,5,5,347.2,606.17,13
1446,2024-07-29,6,6,6,286.47,460.05,18
1447,2025-03-31,8,9,2,45.0,96.36,5
1448,2024-09-27,7,6,8,76.38,192.33,10
1449,2025-03-07,9,1,3,923.31,1363.44,9
1450,2024-05-06,7,3,6,82.31,192.37,6
1451,2024-12-19,1,8,6,1156.23,1806.66,9
1452,2025-03-30,2,1,1,293.57,560.89,7
1453,2025-05-29,8,8,5,42.77,94.36,1
1454,2024-01-13,6,7,2,297.31,458.42,5
1455,2025-07-30,7,1,3,81.47,186.96,10
1456,2025-04-08,2,6,8,348.99,606.48,17
1457,2025-08-08,2,3,7,339.51,582.25,12
1458,2025-07-04,4,4,6,273.42,444.87,6
1459,2025-12-30,8,7,1,40.74,97.07,11
1460,2025-11-30,2,4,7,343.83,566.7,17
1461,2024-02-06,5,8,3,141.63,347.69,10
1462,2024-06-08,9,7,9,889.03,1373.31,9
1463,2025-06-15,6,2,7,306.5,484.3,8
1464,2024-05-09,8,7,4,45.71,96.77,7
1465,2024-06-09,7,6,3,75.91,195.25,16
1466,2024-06-15,3,9,3,2658.4,4031.32,9
1467,2025-04-19,2,2,9,318.44,605.36,20
1468,2024-09-22,5,4,4,154.88,365.07,8
1469,2025-09-03,7,3,2,83.22,198.2,7
1470,2025-02-02,4,6,1,262.03,471.47,18
1471,2025-12-25,4,6,1,302.71,443.77,9
1472,2025-05-21,9,9,1,772.76,1455.49,12
1473,2024-07-08,8,7,6,45.18,92.82,8
1474,2025-08-19,7,1,4,83.88,189.92,6
1475,2025-07-14,5,9,2,153.19,337.36,14
1476,2024-08-05,8,4,6,48.96,96.25,19
1477,2024-09-10,7,2,4,73.03,185.95,14
1478,2024-03-28,2,5,7,321.44,604.11,14
1479,2024-08-17,4,5,5,294.35,464.69,8
1480,2025-09-01,3,7,2,2450.88,4151.97,6
1481,2024-11-15,5,9,6,139.23,335.92,8
1482,2025-03-20,8,2,1,46.44,97.16,20
1483,2025-04-15,7,5,4,84.42,194.47,14
1484,2024-08-18,2,9,6,289.57,562.68,9
1485,2024-05-23,9,9,5,898.69,1445.64,8
1486,2024-12-06,6,7,8,291.79,471.73,16
1487,2024-03-29,8,4,2,44.83,93.23,6
1488,2024-06-29,8,8,6,43.46,93.27,19
1489,2024-08-06,3,6,7,2570.85,4231.52,14
1490,2024-07-19,1,8,5,1302.58,1899.12,9
1491,2025-06-28,6,4,5,328.22,484.62,7
1492,2025-06-03,9,8,2,782.82,1422.54,19
1493,2025-01-15,4,4,2,297.17,469.51,11
1494,2025-08-31,3,6,9,2260.32,4063.45,5
1495,2025-12-11,3,1,4,2747.05,4078.72,6
1496,2025-09-04,1,2,5,1140.85,1919.61,3
1497,2024-01-17,2,4,1,331.2,603.19,20
1498,2025-08-20,2,6,2,310.96,553.84,1
1499,2025-07-05,8,9,9,43.34,97.34,12
1500,2025-09-09,8,3,8,43.94,98.24,17
1501,2025-05-13,9,2,8,797.88,1444.42,17
1502,2025-04-17,5,7,1,137.13,345.13,2
1503,2024-05-18,8,4,1,42.64,97.89,9
1504,2024-03-31,5,8,7,140.43,359.71,19
1505,2025-01-04,1,6,8,1162.06,1885.32,7
1506,2024-11-05,4,4,2,255.16,456.19,4
1507,2024-08-01,6,7,7,303.28,473.31,20
1508,2025-04-24,6,1,6,284.82,502.66,6
1509,2024-11-27,6,2,7,290.62,465.54,19
1510,2025-03-05,2,8,2,326.76,569.62,8
1511,2025-11-14,4,5,2,287.21,463.26,3
1512,2025-02-23,2,1,2,292.33,582.89,8
1513,2025-07-15,4,2,6,276.04,449.8,14
1514,2024-10-22,5,3,9,135.75,356.03,13
1515,2025-05-03,9,9,8,878.17,1408.74,2
1516,2024-08-12,8,1,9,43.63,96.65,10
1517,2024-09-22,3,7,2,2428.4,4110.34,10
1518,2024-09-04,2,5,3,347.9,573.58,7
1519,2024-11-27,8,2,7,42.93,91.9,19
1520,2025-04-27,9,8,1,835.1,1440.64,5
1521,2024-08-09,4,6,8,302.89,448.65,9
1522,2024-11-05,4,4,3,284.69,449.8,17
1523,2024-08-30,9,1,9,857.75,1442.1,5
1524,2025-06-21,2,2,1,288.73,576.56,7
1525,2024-01-19,9,5,3,859.06,1363.53,9
1526,2024-04-26,1,7,1,1127.76,1901.47,12
1527,2025-07-03,6,9,9,299.85,478.9,7
1528,2024-12-21,5,5,5,161.78,360.14,6
1529,2025-07-23,1,6,1,1195.43,1797.82,12
1530,2024-06-25,1,3,8,1217.37,1888.22,1
1531,2024-06-23,6,8,7,289.58,491.19,1
1532,2024-03-15,8,7,1,41.21,96.44,16
1533,2024-06-14,3,6,7,2576.25,4211.08,18
1534,2025-06-17,7,2,1,74.49,184.07,14
1535,2025-02-02,1,5,7,1128.27,1914.11,6
1536,2025-01-18,2,2,2,294.74,568.26,10
1537,2024-05-27,7,8,1,73.5,189.53,7
1538,2025-03-14,3,7,2,2400.91,4226.45,8
1539,2024-05-30,3,3,3,2532.11,4029.67,19
1540,2024-04-18,3,8,3,2530.35,4078.83,17
1541,2024-12-28,1,6,3,1135.92,1819.36,5
1542,2025-05-16,5,9,2,155.25,353.76,1
1543,2025-02-05,6,8,5,309.29,474.76,18
1544,2025-11-28,4,4,5,273.04,445.62,1
1545,2024-08-09,4,9,1,294.53,454.19,9
1546,2024-10-12,9,9,9,829.13,1422.38,19
1547,2024-02-12,6,2,2,292.73,462.97,20
1548,2024-09-23,3,8,8,2647.22,3990.06,11
1549,2024-04-19,4,4,1,291.0,457.26,3
1550,2024-10-07,4,8,3,273.23,472.2,7
1551,2024-05-29,9,3,2,901.32,1412.99,6
1552,2024-08-31,1,5,7,1297.31,1823.3,13
1553,2024-11-01,6,8,1,315.98,502.16,17
1554,2025-09-06,5,2,9,141.08,347.44,5
1555,2024-09-10,9,5,8,815.96,1403.96,19
1556,2024-11-02,3,5,1,2598.0,4194.4,10
1557,2025-05-18,1,9,3,1152.24,1846.76,17
1558,2025-05-19,7,7,4,74.24,193.98,6
1559,2024-09-02,2,9,9,349.97,591.42,17
1560,2025-11-24,2,3,4,350.47,580.6,8
1561,2024-11-17,9,6,3,908.71,1341.93,11
1562,2024-07-21,9,2,1,853.02,1359.78,7
1563,2025-11-27,4,2,2,254.5,453.48,11
1564,2024-08-01,1,6,2,1307.01,1851.59,4
1565,2024-04-01,6,3,4,295.62,503.17,12
1566,2025-02-10,8,9,8,45.57,96.73,11
1567,2024-08-28,8,9,3,48.75,99.73,13
1568,2024-10-19,4,7,5,259.02,431.92,12
1569,2025-02-26,9,3,1,927.44,1334.75,5
1570,2024-12-31,8,1,7,45.71,99.51,12
1571,2025-08-16,2,5,4,348.31,557.17,9
1572,2024-03-26,6,8,3,297.26,492.35,8
1573,2024-06-22,2,2,2,316.73,593.71,8
1574,2025-10-31,5,4,9,143.45,363.88,19
1575,2024-04-25,2,7,4,341.71,596.31,4
1576,2025-10-20,3,1,8,2525.02,4336.47,19
1577,2025-10-05,5,9,5,141.38,357.23,11
1578,2025-10-24,8,1,8,44.07,92.14,9
1579,2024-07-26,7,2,5,74.48,198.84,20
1580,2024-05-12,6,8,7,323.22,499.72,12
1581,2025-01-26,4,9,3,296.58,462.41,12
1582,2025-11-14,4,5,7,303.11,461.7,10
1583,2025-03-10,3,3,9,2716.55,4168.22,11
1584,2024-05-17,2,7,8,324.36,576.29,12
1585,2025-07-12,9,1,6,775.0,1455.9,11
1586,2024-05-09,5,1,6,151.67,340.52,17
1587,2024-08-14,2,5,4,325.43,574.8,4
1588,2024-09-21,3,3,2,2356.35,4362.72,4
1589,2025-01-31,1,1,5,1093.19,1941.75,5
1590,2025-01-20,5,4,8,137.24,337.04,3
1591,2025-01-03,4,2,2,262.72,462.49,10
1592,2024-10-21,2,9,4,309.42,592.21,10
1593,2025-08-31,8,2,5,42.35,97.33,6
1594,2025-09-29,5,6,8,160.24,358.77,14
1595,2024-03-18,7,5,7,84.29,194.48,9
1596,2024-06-01,3,4,1,2336.8,4227.77,17
1597,2024-04-08,2,1,4,304.19,582.77,7
1598,2025-07-02,7,5,7,74.02,196.96,11
1599,2025-01-14,8,8,5,42.81,94.43,15
1600,2024-11-17,1,9,9,1277.94,1828.84,19
1601,2024-04-27,8,3,2,48.83,95.65,10
1602,2024-04-20,6,8,6,299.75,486.7,14
1603,2025-03-25,1,5,7,1083.48,1892.87,9
1604,2024-10-29,1,3,8,1299.23,1802.38,2
1605,2025-10-18,8,5,7,46.79,96.27,16
1606,2025-06-10,2,3,7,329.03,551.54,4
1607,2024-04-13,6,1,7,299.81,465.07,16
1608,2024-08-11,4,3,9,254.3,461.6,19
1609,2024-06-06,6,2,8,284.69,503.63,9
1610,2025-02-28,2,3,5,293.03,563.32,3
1611,2024-02-22,6,9,7,299.16,459.44,15
1612,2024-12-29,1,1,5,1119.97,1842.31,10
1613,2025-05-07,3,5,7,2564.42,4177.58,15
1614,2025-03-04,4,1,9,291.63,445.52,4
1615,2024-04-29,3,1,7,2746.67,4144.22,10
1616,2025-08-22,9,1,8,880.1,1387.9,17
1617,2025-04-17,8,9,9,41.49,98.02,3
1618,2025-01-29,2,4,5,326.6,581.1,12
1619,2024-10-17,4,3,7,281.68,429.55,9
1620,2025-02-05,1,7,6,1106.13,1895.22,3
1621,2025-11-23,4,6,9,307.28,450.76,6
1622,2024-10-01,8,1,6,42.29,91.4,15
1623,2025-02-20,6,8,4,278.64,468.52,15
1624,2025-04-15,7,3,3,74.27,191.52,13
1625,2025-08-07,4,4,5,279.59,457.47,19
1626,2025-10-12,6,8,2,288.26,488.02,14
1627,2024-07-27,2,3,2,330.98,606.36,3
1628,2025-08-05,8,6,7,45.29,93.4,9
1629,2024-06-30,6,3,3,327.91,458.02,12
1630,2024-05-28,4,3,9,253.18,444.35,19
1631,2025-02-20,1,8,5,1251.25,1917.85,4
1632,2024-06-22,8,9,8,40.52,97.87,19
1633,2025-08-21,3,8,5,2622.04,4106.03,15
1634,2025-02-24,7,9,2,75.88,184.2,5
1635,2024-05-03,2,9,1,298.08,553.19,18
1636,2025-06-24,8,2,6,41.56,96.5,6
1637,2024-04-13,6,6,5,320.77,494.92,1
1638,2024-10-26,5,3,3,151.31,353.14,10
1639,2025-07-22,4,2,6,298.59,429.4,6
1640,2025-07-24,2,9,5,300.85,589.89,14
1641,2025-03-02,4,7,5,267.47,430.96,13
1642,2025-10-09,7,1,3,76.56,198.44,4
1643,2024-04-13,6,3,4,273.75,484.18,15
1644,2025-08-08,2,6,2,313.79,577.67,18
1645,2025-03-16,3,1,1,2318.73,4204.28,7
1646,2025-09-23,5,5,5,161.4,359.76,18
1647,2025-01-19,7,2,3,72.39,189.14,14
1648,2025-06-23,7,8,5,80.14,191.88,17
1649,2024-01-20,8,8,6,42.54,96.09,14
1650,2024-09-25,3,6,6,2712.77,4208.67,15
1651,2024-01-03,2,7,4,298.01,572.33,5
1652,2025-07-09,8,8,4,40.55,99.14,4
1653,2025-10-29,5,2,8,164.96,348.01,18
1654,2025-04-12,2,9,9,330.53,553.53,11
1655,2025-04-25,4,1,4,263.05,439.18,5
1656,2024-11-23,8,2,2,46.96,95.52,3
1657,2025-04-12,5,9,5,161.13,335.0,7
1658,2025-05-19,6,6,8,280.01,480.18,14
1659,2024-02-17,7,4,7,83.99,191.59,4
1660,2024-08-22,2,6,7,323.59,571.59,10
1661,2024-05-23,1,6,6,1270.2,1901.13,1
1662,2024-08-26,1,5,5,1279.51,1887.64,6
1663,2025-06-19,6,2,5,304.87,469.68,4
1664,2025-12-16,7,7,2,72.99,195.44,8
1665,2024-11-07,7,6,5,75.58,195.95,7
1666,2025-09-05,2,6,9,315.35,551.49,2
1667,2024-02-06,4,5,5,292.92,430.53,20
1668,2024-11-16,7,3,4,83.63,196.06,5
1669,2025-01-04,3,6,4,2607.86,4242.13,10
1670,2025-09-22,1,6,8,1104.77,1855.35,8
1671,2024-12-12,1,3,5,1098.85,1811.25,14
1672,2025-10-04,7,3,3,75.85,191.21,12
1673,2025-04-21,7,6,2,77.42,187.1,8
1674,2025-09-08,9,8,6,912.41,1392.4,8
1675,2025-07-14,7,4,8,79.75,189.55,1
1676,2025-10-01,1,5,9,1295.22,1829.29,13
1677,2024-04-13,7,8,5,81.78,194.84,19
1678,2025-12-01,3,3,4,2322.36,4039.54,18
1679,2024-02-02,1,1,2,1311.28,1781.44,13
1680,2024-03-08,4,9,4,288.57,437.66,4
1681,2025-11-03,9,6,1,806.35,1392.34,2
1682,2024-08-16,9,6,6,877.5,1415.65,19
1683,2024-09-28,5,1,9,153.99,355.37,16
1684,2025-01-21,3,3,9,2375.05,4293.42,7
1685,2024-03-20,1,6,4,1123.2,1796.72,10
1686,2025-07-29,9,5,9,832.41,1451.22,11
1687,2024-05-07,9,1,7,863.16,1390.33,16
1688,2024-08-09,9,5,7,922.73,1351.94,7
1689,2024-01-15,7,3,1,78.38,182.25,18
1690,2025-09-01,8,6,5,47.88,91.88,6
1691,2024-01-19,4,7,4,307.6,450.08,6
1692,2024-04-12,6,6,5,311.27,484.29,17
1693,2024-11-06,1,5,5,1223.13,1798.22,11
1694,2024-01-25,4,1,5,293.98,460.7,2
1695,2025-02-08,4,7,6,269.09,471.93,10
1696,2025-01-18,8,2,7,41.65,97.21,12
1697,2024-05-03,9,8,6,908.37,1447.2,13
1698,2025-01-04,8,8,6,48.5,94.04,6
1699,2024-01-07,7,7,9,87.44,199.34,3
1700,2024-08-15,2,3,3,343.54,562.54,17
1701,2025-10-25,5,1,3,155.5,344.15,17
1702,2024-05-07,1,8,3,1268.91,1834.01,12
1703,2025-08-23,3,6,7,2673.75,4203.11,6
1704,2024-11-17,4,3,6,301.38,461.07,18
1705,2024-03-17,5,2,9,160.56,349.47,16
1706,2025-10-24,9,8,3,893.43,1403.35,14
1707,2024-11-13,8,8,5,45.39,96.59,14
1708,2025-06-22,2,8,8,319.65,603.34,9
1709,2025-03-27,8,6,1,45.73,98.09,9
1710,2025-07-03,7,4,8,84.01,196.77,1
1711,2024-06-27,4,9,6,257.22,435.18,10
1712,2025-11-29,2,5,3,334.55,602.44,7
1713,2025-09-11,9,9,3,793.35,1407.62,5
1714,2024-08-27,4,7,7,265.81,439.58,18
1715,2024-03-26,3,4,9,2738.21,4142.28,20
1716,2024-10-08,8,3,8,43.9,99.5,15
1717,2025-04-10,8,9,5,41.89,93.89,17
1718,2025-11-26,3,6,8,2310.39,4273.17,1
1719,2024-11-23,7,5,2,72.69,188.15,9
1720,2024-03-28,8,6,7,47.35,91.97,9
1721,2025-04-08,1,1,4,1189.02,1930.73,13
1722,2025-05-21,9,5,8,928.25,1364.86,20
1723,2025-08-16,8,4,2,48.48,97.46,9
1724,2024-12-28,5,7,8,138.23,341.74,17
1725,2024-05-24,2,6,7,320.1,601.92,15
1726,2025-08-26,5,7,8,152.12,361.62,14
1727,2025-01-12,5,5,9,153.62,342.63,13
1728,2025-11-10,8,9,7,48.01,94.54,2
1729,2025-08-23,6,2,5,324.81,497.06,9
1730,2024-06-24,2,3,4,325.37,551.81,10
1731,2024-09-19,4,5,6,302.12,466.42,15
1732,2024-09-23,9,4,6,822.25,1418.33,2
1733,2024-04-11,4,7,4,295.99,433.47,14
1734,2025-05-22,4,7,6,280.33,427.87,16
1735,2025-07-02,1,5,5,1127.82,1783.49,3
1736,2024-09-09,1,5,3,1315.83,1831.36,3
1737,2024-10-08,7,8,4,73.71,195.42,18
1738,2025-02-09,6,7,6,318.49,481.09,6
1739,2024-05-28,4,1,2,294.09,456.22,17
1740,2024-02-17,6,4,9,314.22,481.73,13
1741,2025-05-23,2,1,8,344.8,599.31,8
1742,2024-08-15,7,4,6,83.51,192.66,1
1743,2024-11-25,3,8,5,2642.49,4021.86,3
1744,2024-06-25,4,9,5,292.06,438.1,15
1745,2024-02-07,2,9,1,329.64,562.03,9
1746,2025-10-07,9,2,9,867.46,1365.49,6
1747,2025-11-25,3,5,9,2519.98,4142.62,6
1748,2025-12-13,5,3,5,138.8,361.4,10
1749,2025-11-02,7,5,9,79.14,199.13,13
1750,2025-07-16,1,9,6,1283.22,1812.04,8
1751,2024-07-26,8,6,4,45.36,93.16,3
1752,2025-01-13,4,9,1,291.01,431.1,14
1753,2025-05-09,6,9,2,312.18,485.64,11
1754,2024-11-26,6,3,9,286.15,471.01,13
1755,2025-08-19,6,2,8,324.61,470.44,12
1756,2025-02-21,6,2,7,299.02,466.68,5
1757,2025-05-31,4,6,6,265.7,431.8,16
1758,2024-09-19,1,2,7,1252.08,1810.53,11
1759,2025-08-05,3,8,8,2567.98,4344.59,3
1760,2025-04-05,2,6,7,347.85,569.04,16
1761,2025-02-22,4,7,3,269.96,462.71,6
1762,2025-01-08,2,1,5,304.38,562.16,9
1763,2024-11-22,3,4,2,2688.74,4061.27,12
1764,2024-04-19,5,5,8,157.34,356.75,14
1765,2025-06-07,8,1,1,44.52,92.89,12
1766,2024-12-28,3,6,2,2463.13,4197.53,6
1767,2024-02-07,8,7,5,43.08,91.15,20
1768,2025-10-13,3,2,2,2414.7,4385.69,12
1769,2024-11-02,5,9,6,141.23,336.28,12
1770,2025-07-22,7,4,2,74.14,185.38,13
1771,2025-09-26,4,4,1,274.34,470.39,16
1772,2024-02-02,4,5,6,302.41,449.87,18
1773,2025-04-28,4,2,8,254.27,472.23,2
1774,2025-08-06,1,7,6,1227.44,1920.44,8
1775,2024-04-16,6,2,6,283.13,477.17,9
1776,2025-06-03,2,8,5,339.81,587.88,10
1777,2024-09-04,7,9,5,72.86,194.23,14
1778,2024-12-10,1,8,3,1123.87,1790.24,3
1779,2024-03-14,6,8,1,310.72,499.46,16
1780,2025-02-27,5,3,5,159.12,365.65,16
1781,2025-05-21,5,6,9,161.13,357.15,9
1782,2025-08-05,8,8,2,48.45,92.99,15
1783,2025-04-01,5,3,9,162.13,365.9,18
1784,2025-10-12,1,6,8,1295.61,1897.35,15
1785,2024-09-05,7,6,7,74.37,194.77,4
1786,2024-09-02,1,3,6,1211.87,1906.39,8
1787,2024-12-15,4,7,7,307.22,429.18,20
1788,2025-07-22,4,8,7,263.7,428.21,7
1789,2025-08-19,6,2,1,288.8,492.25,5
1790,2025-06-07,1,2,3,1239.29,1906.44,19
1791,2025-02-22,6,5,9,292.11,458.4,7
1792,2024-01-15,6,4,4,295.9,462.26,10
1793,2024-08-06,5,1,8,153.88,361.81,13
1794,2024-02-29,4,3,7,290.63,457.05,18
1795,2025-06-16,9,6,5,842.36,1451.84,20
1796,2024-01-25,9,5,3,799.83,1420.71,6
1797,2024-01-07,7,8,3,72.53,199.49,16
1798,2025-09-20,2,6,1,348.89,584.93,19
1799,2024-04-11,2,8,5,316.6,578.59,10
1800,2024-08-03,5,8,3,160.07,336.9,13
1801,2025-04-27,1,7,8,1134.58,1767.68,13
1802,2024-11-20,5,4,8,145.2,343.32,5
1803,2025-02-06,8,6,7,44.36,94.54,12
1804,2025-02-20,8,5,8,43.0,99.4,16
1805,2025-09-03,3,9,6,2500.6,4127.14,8
1806,2024-02-16,9,4,9,880.12,1461.24,13
1807,2025-07-09,8,4,8,47.49,96.14,16
1808,2024-08-16,4,2,6,302.76,431.97,2
1809,2024-03-11,8,2,7,46.15,93.2,14
1810,2024-10-16,8,9,5,43.53,96.37,20
1811,2024-05-07,8,2,2,43.37,99.12,17
1812,2025-01-31,8,2,1,48.65,98.55,18
1813,2024-10-30,5,2,4,140.1,332.53,17
1814,2025-04-02,1,5,2,1249.74,1842.95,20
1815,2024-08-29,9,8,2,914.33,1391.81,20
1816,2025-06-13,1,5,5,1164.44,1770.03,17
1817,2024-06-02,2,7,6,334.42,562.91,8
1818,2025-04-21,7,6,4,87.33,191.28,1
1819,2024-08-14,5,3,1,155.71,348.39,2
1820,2025-04-13,4,6,4,264.95,469.25,10
1821,2025-05-14,8,4,9,43.79,92.32,8
1822,2024-09-02,1,7,7,1081.33,1927.82,14
1823,2025-04-26,4,6,5,264.53,465.9,13
1824,2024-04-27,9,4,3,840.81,1439.71,15
1825,2024-08-06,9,4,3,809.26,1409.96,8
1826,2025-09-02,9,2,8,767.34,1444.23,2
1827,2024-07-20,2,8,2,332.69,582.69,20
1828,2025-02-01,7,9,6,83.92,194.04,4
1829,2025-02-28,3,4,9,2525.91,4377.07,2
1830,2024-09-14,4,1,7,280.69,429.87,16
1831,2024-05-08,8,9,1,44.21,92.07,2
1832,2025-08-20,7,7,5,86.77,193.75,2
1833,2024-09-28,5,1,7,160.9,333.9,11
1834,2025-08-23,1,1,1,1280.7,1889.19,15
1835,2024-09-24,9,4,9,930.73,1454.59,2
1836,2024-03-15,9,4,6,767.64,1368.16,13
1837,2025-08-06,4,4,1,286.77,433.48,7
1838,2025-03-19,5,4,9,145.33,363.32,9
1839,2024-01-01,2,2,4,297.66,606.21,17
1840,2025-12-20,4,7,1,307.03,465.66,18
1841,2025-04-05,3,7,6,2423.63,4031.77,14
1842,2024-04-25,6,9,4,271.31,456.48,7
1843,2024-04-07,5,9,5,146.41,345.19,2
1844,2024-10-04,5,2,8,142.6,348.27,12
1845,2024-04-08,8,3,6,46.27,98.75,2
1846,2025-05-20,6,3,6,277.32,492.59,10
1847,2025-10-19,9,1,6,923.62,1464.04,18
1848,2025-08-15,1,8,6,1298.48,1919.75,9
1849,2025-03-05,3,3,9,2504.93,4288.88,11
1850,2025-10-29,2,2,1,323.32,555.87,11
1851,2025-03-18,8,2,4,45.21,99.27,7
1852,2024-09-29,4,8,4,302.49,439.14,20
1853,2025-04-18,3,8,4,2572.34,4353.62,3
1854,2025-07-26,2,3,2,327.75,597.18,6
1855,2024-02-23,7,5,9,79.7,187.32,5
1856,2025-12-04,5,8,8,149.14,365.23,8
1857,2025-07-17,5,1,5,152.94,348.97,9
1858,2025-06-10,9,3,1,818.89,1374.92,3
1859,2025-10-07,5,7,4,153.89,345.19,10
1860,2025-08-24,3,8,5,2545.72,4169.67,20
1861,2025-09-11,7,2,3,83.6,199.28,7
1862,2024-07-25,6,4,4,328.88,470.96,2
1863,2025-05-11,6,7,5,285.57,477.69,16
1864,2024-11-11,3,3,2,2269.0,4333.67,16
1865,2024-10-30,7,5,9,77.1,185.77,10
1866,2024-01-11,1,2,7,1210.95,1935.38,1
1867,2025-03-16,4,4,6,276.33,445.11,4
1868,2025-05-30,9,3,6,833.62,1384.59,5
1869,2024-07-29,4,5,4,271.91,440.81,10
1870,2025-03-11,6,1,8,286.0,497.61,20
1871,2024-10-18,1,9,3,1292.01,1840.76,18
1872,2025-09-24,6,3,5,321.14,477.47,4
1873,2025-12-06,9,3,3,799.96,1377.62,20
1874,2024-03-05,5,2,2,148.14,354.85,9
1875,2025-04-03,3,5,9,2354.27,4233.21,17
1876,2025-10-31,5,8,1,141.42,348.34,13
1877,2024-10-17,3,1,6,2262.99,4394.73,2
1878,2025-07-17,3,4,8,2567.81,4271.27,19
1879,2025-05-29,6,8,2,280.85,456.29,19
1880,2025-07-04,6,1,1,284.89,484.06,9
1881,2025-12-29,6,5,2,295.79,478.48,4
1882,2024-08-18,6,2,6,302.99,492.32,17
1883,2025-08-06,3,6,7,2436.27,4084.74,18
1884,2024-09-16,6,7,2,305.42,489.45,19
1885,2025-05-30,8,5,8,48.69,94.44,4
1886,2024-01-15,7,8,2,87.83,185.97,2
1887,2025-10-22,6,1,2,275.42,497.92,18
1888,2025-05-11,3,5,6,2601.2,4380.54,15
1889,2025-12-02,4,6,9,279.37,471.35,14
1890,2024-02-16,4,7,3,295.0,431.26,4
1891,2025-01-10,6,9,6,275.5,498.55,14
1892,2024-08-09,7,4,9,74.94,186.05,19
1893,2024-10-14,6,5,9,299.21,485.69,13
1894,2024-01-14,8,4,7,48.23,93.72,10
1895,2025-05-02,2,3,9,312.89,593.87,4
1896,2024-10-11,6,6,5,290.63,492.73,15
1897,2025-08-15,7,8,1,86.36,185.09,16
1898,2025-03-25,3,2,7,2308.55,4044.81,2
1899,2024-04-04,9,5,4,866.96,1438.55,5
1900,2024-09-16,1,2,4,1112.11,1803.65,6
1901,2025-04-10,2,7,3,325.49,572.11,12
1902,2024-09-02,4,3,4,276.37,453.31,8
1903,2025-08-19,7,8,4,79.84,183.64,4
1904,2024-01-10,7,3,8,73.4,188.26,8
1905,2024-05-03,5,5,1,160.05,340.31,14
1906,2024-08-18,7,3,6,81.63,186.8,10
1907,2024-08-26,4,2,6,303.38,461.13,18
1908,2024-07-13,3,5,1,2334.29,4015.65,2
1909,2025-02-23,4,8,5,260.26,435.29,18
1910,2025-09-01,8,3,5,43.63,98.39,7
1911,2025-03-24,5,2,9,152.29,335.26,16
1912,2024-07-16,4,7,8,280.13,451.92,17
1913,2025-10-11,5,3,1,158.11,340.24,6
1914,2024-04-02,2,5,1,328.89,558.91,20
1915,2024-11-14,4,1,2,301.37,445.54,18
1916,2024-03-04,3,3,7,2331.85,4055.92,19
1917,2025-11-19,3,3,3,2641.92,4215.43,3
1918,2024-02-10,1,1,6,1119.57,1906.69,11
1919,2024-08-19,4,1,7,292.72,453.26,8
1920,2024-08-14,1,9,8,1125.65,1817.59,15
1921,2025-11-26,8,8,1,41.58,97.62,3
1922,2024-04-27,1,3,9,1271.99,1772.66,20
1923,2024-03-28,3,5,9,2439.73,4099.84,10
1924,2025-12-27,4,4,9,277.1,468.99,16
1925,2025-02-16,6,4,2,291.05,474.04,1
1926,2024-10-03,2,4,1,291.92,569.01,17
1927,2024-06-13,2,7,4,340.72,562.55,1
1928,2025-03-09,6,7,5,290.79,476.43,10
1929,2024-06-28,9,7,7,774.08,1437.71,13
1930,2024-06-27,6,6,9,287.25,487.83,10
1931,2024-10-10,9,4,5,927.25,1382.49,18
1932,2024-07-01,4,9,6,277.95,436.5,10
1933,2025-02-09,8,4,6,49.13,95.06,5
1934,2024-05-01,8,1,1,48.92,91.36,8
1935,2025-04-19,6,1,3,308.87,499.0,18
1936,2024-07-31,9,1,1,913.35,1456.65,2
1937,2024-03-22,4,4,5,256.07,432.59,8
1938,2025-11-06,4,8,4,306.89,452.74,9
1939,2024-08-13,1,2,3,1277.67,1835.8,1
1940,2024-02-05,2,1,9,326.66,577.9,8
1941,2024-10-06,2,3,6,337.08,606.25,4
1942,2025-10-23,7,9,3,78.56,186.41,10
1943,2024-01-23,1,5,8,1144.1,1771.84,3
1944,2024-01-05,5,3,4,158.07,351.72,15
1945,2025-07-21,6,5,8,321.52,480.53,1
1946,2024-08-12,4,7,3,280.18,454.88,14
1947,2024-12-11,6,9,7,295.38,470.28,4
1948,2025-12-27,9,6,7,768.61,1401.13,3
1949,2024-01-23,1,6,5,1164.67,1761.61,3
1950,2024-04-26,9,1,5,848.17,1396.04,18
1951,2024-05-06,9,4,8,776.74,1388.34,2
1952,2024-05-29,3,8,4,2720.22,4403.4,11
1953,2025-12-21,6,8,8,297.38,461.75,15
1954,2024-02-06,3,1,3,2658.47,4073.47,14
1955,2025-08-10,3,1,2,2745.66,4069.54,6
1956,2024-07-19,3,2,1,2548.04,4075.6,14
1957,2024-03-21,3,1,5,2296.36,4076.25,16
1958,2025-05-31,4,8,9,282.9,467.56,2
1959,2025-05-29,7,7,7,86.19,185.92,14
1960,2025-12-19,7,9,7,87.37,181.63,4
1961,2024-06-18,9,1,7,855.8,1337.32,13
1962,2025-02-18,4,2,8,307.78,464.51,15
1963,2024-09-26,4,9,5,281.9,469.25,11
1964,2025-10-27,4,2,6,252.1,450.88,6
1965,2024-03-23,6,3,3,297.29,461.17,12
1966,2025-02-17,9,3,3,841.53,1419.85,20
1967,2025-09-24,6,4,9,326.32,490.13,8
1968,2024-08-17,3,2,9,2581.56,4239.23,7
1969,2024-04-24,2,6,1,301.1,586.97,19
1970,2025-10-20,7,9,5,85.37,183.52,4
1971,2024-03-02,6,6,4,296.1,488.48,17
1972,2024-04-21,1,4,8,1195.78,1846.04,12
1973,2024-10-21,4,5,4,290.66,470.24,5
1974,2024-10-18,7,6,5,80.89,184.14,3
1975,2024-12-12,8,4,6,45.03,95.77,17
1976,2025-06-01,6,1,4,315.52,486.29,14
1977,2024-06-22,6,7,7,273.65,471.06,12
1978,2025-04-04,8,5,8,43.11,90.93,18
1979,2025-05-24,6,9,4,328.85,456.96,17
1980,2024-07-27,4,5,7,263.31,459.26,20
1981,2024-04-11,2,1,8,293.94,556.07,7
1982,2024-12-22,3,4,3,2437.46,4008.97,19
1983,2025-12-20,4,2,6,277.78,448.02,5
1984,2024-01-26,3,5,5,2291.31,4148.95,3
1985,2025-09-11,7,2,2,73.84,195.42,13
1986,2025-08-11,1,6,4,1244.15,1935.82,1
1987,2024-01-27,7,7,7,81.16,197.69,17
1988,2025-08-31,2,4,3,292.95,571.72,14
1989,2024-04-04,6,1,5,322.82,502.58,4
1990,2024-05-11,6,2,2,285.36,483.58,4
1991,2025-12-26,9,7,8,813.32,1401.67,6
1992,2025-03-21,6,1,4,297.39,460.92,17
1993,2024-02-06,6,6,3,325.28,497.7,4
1994,2024-01-23,6,9,2,307.91,470.02,1
1995,2024-07-13,1,3,6,1245.02,1877.31,7
1996,2025-06-04,9,7,9,899.65,1417.48,10
1997,2025-02-28,1,3,3,1242.67,1808.58,11
1998,2024-06-26,9,8,3,803.31,1384.83,8
1999,2025-09-15,2,2,4,334.55,589.32,2
2000,2025-01-25,2,8,5,322.54,553.18,3